res/c2fuzz 1
0
45834
75532
90480
103198
111854
120652
128593
134652
141456
146765
152129
155892
159055
165311
171783
176558
180890
184290
187562
190460
193921
197585
200838
203127
204901
207302
210110
212248
213912
215227
218246
221005
222534
224131
225200
227522
232443
236033
237871
239618
242423
244123
247348
249063
250805
252622
254566
256469
257509
259652
261275
262268
263812
265396
267141
268464
269576
274340
276541
277954
279288
280223
281404
282749
283476
284591
286854
287744
289237
289895
291266
292124
292970
293724
294597
295535
296488
298606
299425
300515
301687
302859
304151
305231
308843
313458
314312
314829
315692
316411
317287
318881
319436
320170
321187
321699
322613
322991
323680
res/syzkaller 1
0
55981
92922
116165
135881
148203
155514
164466
170608
177873
183920
188090
192107
195605
197759
201452
205128
207603
211306
214906
217107
219160
220950
222602
223839
226271
229030
230582
233439
235736
237187
239607
241685
243617
246205
251508
254015
255351
258416
260104
262050
263018
264606
266576
268154
270263
271411
272896
274207
276907
278759
280596
282460
285211
286475
288093
289851
292234
293401
294455
295523
296276
296814
299030
300443
300951
301787
302364
303570
305317
306633
309141
310290
310974
312137
313465
315517
316205
316890
317480
318060
319002
319498
320297
320704
321408
322223
324165
325114
325896
327233
328503
329411
329848
330690
331364
331681
332731
333538
334323
res/c2fuzz 2
0
3845026
5152443
5610905
6375557
7456224
7755326
8272056
8487079
9006667
9135927
9795515
10086856
10220807
10902460
11593452
11873958
12322299
12891815
13122601
13634924
14077136
14287397
14496098
15106285
15385369
15822703
16227637
16329913
16633539
16810695
16951557
17046986
17229396
17303119
17439785
17512256
17753014
17875034
17962085
18014630
18057424
18109848
18199684
18249665
18283495
18346247
18427624
18485272
18531349
18623137
18691744
18783601
18878387
18969712
19082927
19178173
19319008
19538839
20188572
20307400
20384688
20417732
20472753
20562131
20588569
20660486
20753561
20804415
20824994
20902320
20928489
20957939
21001322
21109147
21247829
21526303
21566753
21634869
21732866
21776548
21896656
21930212
21943865
22019932
22037126
22117777
22131834
22303298
22345212
22374371
22456052
22470675
22485013
22493895
22518057
22570482
22584998
22616597
22639700
res/c2fuzz-no-scheduling 2
0
2029103
3230250
5196951
6375021
6852354
7060229
7224968
8010849
9268764
9464346
9769071
9853819
10031260
10114974
10254417
10495380
10832398
11293005
11492810
11741819
11882327
12020414
12173466
12269307
12357590
12399920
12578273
12781574
12877927
12974008
13139482
13215571
13373205
13402516
13458333
13534731
13583293
13626218
13731846
13903331
14039487
14102719
14144382
14201828
14311895
14360883
14411474
14471549
14559376
14648894
14730099
14830666
14865327
14894143
14987854
15118275
15184249
15221907
15248081
15283054
15324243
15359883
15752881
15988723
16013425
16035349
16140106
16216149
16244712
16271604
16279488
16289921
16304479
16336268
16414871
16541908
16814329
16917040
16935569
16952504
17003362
17020365
17020365
17071426
17122640
17174008
17225530
17225530
17242756
17277241
17294519
17346402
17346402
17346402
17363749
17415840
17485503
17520474
17537995
